0 7.69302 13.8527
1 7.69302 13.8527
2 7.69302 13.8527
3 7.69302 13.8527
4 7.69302 13.8527
5 7.69302 13.8527
6 7.69302 13.8527
7 7.69302 13.8527
8 7.69302 13.8527
9 7.69302 13.8527
10 7.69302 13.8527
11 7.69302 13.8527
12 7.69302 13.8527
13 7.69302 13.8527
14 7.69302 13.8527
15 7.69302 13.8527
16 7.69302 13.8527
17 7.69302 13.8527
18 7.69302 13.8527
19 7.69302 13.8527
20 7.69302 13.8527
21 7.69302 13.8527
22 7.69302 13.8527
23 7.69302 13.8527
24 7.69302 13.8527
25 7.69302 13.8527
26 7.69302 13.8527
27 7.69302 13.8527
28 7.69302 13.8527
29 7.69302 13.8527
30 7.69302 13.8527
31 7.69302 13.8527
32 7.69302 13.8527
33 7.69302 13.8527
34 7.69302 13.8527
35 7.69302 13.8527
36 7.69302 13.8527
37 7.69302 13.8527
38 7.69302 13.8527
39 7.69302 13.8527
40 7.69302 13.8527
41 7.69302 13.8527
42 7.69302 13.8527
43 7.69302 13.8527
44 7.69302 13.8527
45 7.69302 13.8527
46 7.69302 13.8527
47 7.69302 13.8527
48 7.69302 13.8527
49 7.69302 13.8527
50 7.69302 13.8527
